addCurrent0 = [67863.0
67857.0
66253.5
63953.5
65557.0
67096.0
65492.5
67096.0
63481.0
61705.0
61705.0
61705.0
64035.0
62431.5
62431.5
64035.0
62431.5
62431.5
61033.5
59737.5
61341.0
59737.5
59048.5
60033.5
57257.5
59550.0
57356.5
57257.5
57257.5
57356.5
57946.5
59550.0
57220.0
53795.0
57275.0
58224.0
54596.0
52467.0
57275.0
58713.0
55233.0
54886.0
54138.0
52534.5
51944.5
51147.5
53341.0
50893.0
48533.0
46240.5
48600.5
49289.5
50893.0
49289.5
50893.0
49289.5
50238.5
49891.5
49891.5
49202.5
48253.5
49433.5
49780.5
52073.0
50469.5
50652.5
50469.5
48109.5
47420.5
49713.0
48109.5
49094.5
51352.5
52956.0
52956.0
53309.0
51115.5
51115.5
53309.0
57348.0
58297.0
56521.0
58449.0
56156.5
58449.0
56255.5
56255.5
58449.0
56845.5
56804.5
58408.0
57459.0
57459.0
55855.5
55855.5
55265.5
52905.5
55205.5
55205.5
57399.0
54875.0
56238.0
54634.5
56238.0
58568.0
58568.0
58568.0
58568.0
56238.0
54634.5
53868.5
52505.5
54109.0
52505.5
51915.5
49615.5
49268.5
49309.5
49899.5
51503.0
49309.5
51503.0
51503.0
49793.0
52317.0
52317.0
50713.5
52317.0
50123.5
52317.0
50713.5
52317.0
50713.5
50183.5
49494.5
50219.5
49494.5
51787.0
52736.0
50542.5
51132.5
50602.5
52206.0
49682.0
48078.5
47389.5
49682.0
50862.0
48739.0
49269.0
48089.0
48089.0
46485.5
48089.0
46485.5
48089.0
46485.5
47233.5
48837.0
47233.5
48837.0
47233.5
48837.0
46643.5
48837.0
46643.5
46643.5
45571.5
44823.5
45413.5
44823.5
47017.0
45413.5
47017.0
47017.0
47742.0
47742.0
46138.5
47742.0
47742.0
47742.0
50619.0
50619.0
48425.5
48326.5
50619.0
49015.5
50619.0
49015.5
51138.5
49009.5
46132.5
45785.5
47389.0
45096.5
44566.5
45255.5
45255.5
45249.5
47372.5
48321.5
47632.5
47731.5
47318.5
47318.5
47219.5
46494.5
48787.0
47183.5
48787.0
47183.5
48787.0
48787.0
49134.0
49900.0
47607.5
48296.5
47347.5
46658.5
46757.5
46658.5
46757.5
47347.5
47347.5
46934.5
46344.5
48538.0
46415.0
50472.0
50825.0
51550.0
51840.0
54140.0
52011.0
52011.0
52011.0
52011.0
53191.0
53191.0
50891.0
50891.0
49176.0
47572.5
49176.0
49176.0
47572.5
46883.5
46158.5
48451.0
47819.0
46215.5
46568.5
45843.5
45154.5
47447.0
45154.5
45879.5
44699.5
44798.5
44798.5
44798.5
46992.0
45388.5
46992.0
46267.0
46620.0
51250.0
49646.5
49056.5
46726.5
48920.0
47316.5
48920.0
48920.0
53497.0
51197.0
49003.5
48656.5
48656.5
50850.0
48557.5
47608.5
47608.5
51088.5
53381.0
53009.0
53009.0
50815.5
53009.0
51405.5
51405.5
51052.5
51052.5
51052.5
53547.5
52673.5
52077.5
51388.5
51041.5
49969.5
49969.5
50658.5
52958.5
52269.5
49969.5
52262.0
49969.5
55347.5
55347.5
58650.5
58650.5
57902.5
57902.5
60195.0
55535.0
53931.5
55535.0
53931.5
55535.0
53412.0
54397.0
52104.5
52203.5
49903.5
49643.5
48286.5
48187.5
48876.5
50026.5
49083.5
50687.0
49083.5
49083.5
49083.5
50687.0
49083.5
50687.0
49083.5
49083.5
48394.5
51190.5
50594.5
52887.0
51283.5
50693.5
50594.5
52887.0
51283.5
53583.5
51283.5
52887.0
51283.5
51283.5
50693.5
51283.5
50693.5
49543.5
50133.5
50103.5
51707.0
52303.0
51707.0
51707.0
52887.0
55051.0
53755.0
53762.5
50902.5
53195.0
53755.0
55459.0
54279.0
54279.0
53719.0
54668.0
55228.0
54668.0
55228.0
54078.0
54425.0
53865.0
54425.0
53865.0
51607.0
50622.0
51176.0
50622.0
50622.0
51218.0
51772.0
52332.0
50521.0
49961.0
51701.0
49961.0
47767.5
47668.5
49961.0
50521.0
49961.0
50521.0
49961.0
53441.0
54001.0
53441.0
53441.0
52887.0
55010.0
54061.0
54061.0
54061.0
54615.0
55175.0
51695.0
49572.0
51695.0
53093.0
55393.0
53617.0
55699.0
55699.0
54519.0
53121.0
54301.0
56430.0
54301.0
55481.0
54301.0
53121.0
55203.0
53121.0
53493.0
51411.0
53534.0
52974.0
52420.0
50780.5
52520.5
50780.5
50408.5
52048.0
52048.0
50309.5
54349.5
54938.0
52815.0
51417.0
51417.0
50237.0
50237.0
50237.0
48114.0
48214.5
48114.0
49294.0
49294.0
49294.0
48705.5
49294.0
48705.5
45845.5
50103.5
50202.5
52396.0
52956.0
48351.0
47791.0
47791.0
47237.0
50717.0
50717.0
50303.0
52432.0
52986.0
53546.0
51417.0
50060.0
49500.0
50060.0
49500.0
48946.0
48946.0
48946.0
49500.0
50060.0
50066.0
51246.0
53369.0
53369.0
52809.0
53369.0
51246.0
51246.0
49123.0
48563.0
49123.0
50486.0
49306.0
48746.0
48192.0
46453.5
50493.5
54751.5
55440.5
54751.5
50711.5
53199.5
54751.5
55340.0
56697.0
55340.0
51082.0
51848.0
49719.0
49130.5
47950.5
48539.0
48539.0
47943.0
48126.0
50249.0
51015.0
49865.0
47535.0
46769.0
46769.0
46416.0
48539.0
52019.0
52019.0
51672.0
54002.0
54002.0
54355.0
55080.0
55080.0
54355.0
54951.0
54951.0
58153.0
54951.0
52475.0
51879.0
51879.0
50729.0
50729.0
50729.0
50729.0
51909.0
50729.0
48606.0
48423.0
48423.0
48423.0
48423.0
47066.0
47066.0
47066.0
45886.0
45893.5
46482.0
46482.0
46482.0
46482.0
47839.0
47839.0
50445.0
49088.0
50154.0
50154.0
49565.5
47855.5
50148.0
50708.0
52484.0
52484.0
51582.0
52762.0
52202.0
50498.0
51058.0
49282.0
48516.0
49696.0
49696.0
50876.0
51223.0
51223.0
51223.0
52933.0
52933.0
52933.0
52933.0
52933.0
52933.0
51753.0
51193.0
51193.0
48999.5
53039.5
53529.0
53529.0
52463.0
51283.0
51283.0
51283.0
50687.0
53483.0
54208.0
54208.0
55633.0
55037.0
55980.0
55980.0
55980.0
55567.0
54210.0
53030.0
55159.0
53802.0
53802.0
53389.0
53042.0
52317.0
52317.0
54647.0
54647.0
52518.0
50188.0
50188.0
51326.0
51432.5
47392.5
47351.5
49545.0
51285.0
56511.0
58287.0
57107.0
56423.0
54647.0
52123.0
51563.0
53952.0
52802.0
54159.0
52330.0
53078.0
53078.0
51727.0
53809.0
53809.0
52099.0
51539.0
51498.0
49416.0
51498.0
53858.0
52672.0
54412.0
53882.0
53163.0
51983.0
51423.0
51423.0
53163.0
51983.0
50999.0
51948.0
51140.0
50580.0
51140.0
50580.0
52320.0
51572.0
52221.0
50392.0
49832.0
49107.0
49107.0
49667.0
49107.0
48688.0
47963.0
51035.0
51595.0
50232.0
49672.0
49325.0
49885.0
49885.0
51248.0
50652.0
53258.0
54408.0
55004.0
55004.0
53159.0
53159.0
52009.0
51449.0
52009.0
51449.0
51449.0
50506.0
51066.0
50506.0
50853.0
51413.0
53117.0
52557.0
54267.0
54639.0
54286.0
54846.0
53489.0
52929.0
53654.0
53654.0
54214.0
54214.0
52857.0
53935.0
53375.0
52650.0
52278.0
52838.0
53604.0
53604.0
53044.0
53044.0
55433.0
53604.0
52885.0
54065.0
54784.0
54224.0
53470.0
53117.0
53117.0
53117.0
53117.0
55506.0
53677.0
52497.0
53677.0
52869.0
52869.0
55516.0
57061.0
57061.0
55515.0
54336.0
52285.0
52285.0
51725.0
51725.0
54114.0
53742.0
53742.0
52197.0
51472.0
54781.0
52952.0
55428.0
54868.0
55428.0
53305.0
53611.0
53051.0
53611.0
53264.0
52704.0
52704.0
52332.0
52892.0
52332.0
51152.0
51712.0
52460.0
52460.0
52154.0
50846.0
49666.0
52592.0
51996.0
52556.0
53152.0
52592.0
54332.0
53182.0
52835.0
51655.0
50475.0
52179.0
51583.0
52331.0
51023.0
51023.0
51583.0
51023.0
51583.0
51023.0
53412.0
51583.0
50681.0
54539.0
55719.0
58992.0
55719.0
53949.0
52239.0
51679.0
52239.0
51679.0
51679.0
51679.0
51496.0
49786.0
50199.0
50759.0
50199.0
50759.0
55188.0
55718.0
57841.0
54562.0
54002.0
54562.0
53382.0
54331.0
53181.0
51058.0
55901.0
54721.0
54161.0
55341.0
55901.0
52975.0
51825.0
51265.0
51825.0
51265.0
50316.0
50010.0
50570.0
50570.0
50010.0
50570.0
50010.0
52399.0
50570.0
51318.0
52390.0
55870.0
54562.0
55122.0
54562.0
56302.0
55122.0
53942.0
52957.0
52232.0
51495.0
52852.0
51495.0
50935.0
51495.0
53971.0
51495.0
52675.0
52115.0
52675.0
53400.0
54148.0
54148.0
56230.0
56230.0
54922.0
57311.0
54922.0
52032.0
52592.0
52032.0
52032.0
52032.0
51307.0
51867.0
50965.0
54445.0
53885.0
52735.0
53295.0
50965.0
50405.0
52794.0
50965.0
50405.0
52145.0
54274.0
54274.0
54274.0
54274.0
54274.0
54274.0
53921.0
53921.0
52741.0
52741.0
51792.0
53502.0
58345.0
56569.0
54859.0
54859.0
53295.0
51897.0
51337.0
51897.0
51337.0
53047.0
53607.0
53607.0
54355.0
56131.0
54421.0
53113.0
53113.0
53673.0
51897.0
51337.0
53077.0
51897.0
52799.0
52239.0
52799.0
51850.0
51290.0
51290.0
51850.0
51125.0
53248.0
52688.0
53248.0
52068.0
53425.0
53425.0
51302.0
50742.0
51302.0
50742.0
52482.0
51084.0
49904.0
48724.0
48164.0
48164.0
48724.0
49077.0
49802.0
48730.0
48170.0
48730.0
48134.0
48134.0
47574.0
46394.0
46041.0
46601.0
45876.0
45316.0
45876.0
45316.0
45316.0
44944.0
47333.0
47705.0
47333.0
44944.0
44944.0
45504.0
44944.0
46684.0
48807.0
47627.0
47067.0
47627.0
47067.0
47627.0
47067.0
44944.0
45504.0
44944.0
44944.0
45504.0
46252.0
44944.0
45504.0
