probIgnore01 = [
    71524.0
68458.0
65756.0
63704.0
62171.0
61021.0
60072.0
60072.0
60072.0
62154.0
59794.0
59794.0
58809.0
58809.0
60342.0
58260.0
57311.0
60295.0
60295.0
59917.0
59917.0
57447.0
55147.0
55147.0
54245.0
53302.0
54452.0
50824.0
49922.0
49569.0
48419.0
49599.0
49599.0
49599.0
53851.0
56299.0
54589.0
54589.0
54176.0
56299.0
55952.0
53622.0
54772.0
55674.0
53179.0
56598.0
54122.0
54122.0
53769.0
51504.0
50478.0
51074.0
49924.0
48178.0
47028.0
46262.0
48160.0
49864.0
48921.0
52401.0
52401.0
49755.0
46275.0
50727.0
48279.0
49988.0
46508.0
46095.0
46095.0
45152.0
45152.0
47835.0
50730.0
48607.0
48077.0
50972.0
50247.0
49481.0
49481.0
48715.0
47535.0
47121.0
47121.0
50047.0
51793.0
51793.0
51197.0
51037.0
53337.0
54216.0
54216.0
54635.0
53485.0
53485.0
51356.0
51356.0
48908.0
48908.0
47610.0
46776.0
48015.0
47610.0
48259.0
48489.0
48076.0
48076.0
46926.0
46637.0
46696.0
46696.0
46926.0
46926.0
46637.0
45876.0
45876.0
47056.0
47475.0
46727.0
46727.0
49653.0
55363.0
54183.0
54183.0
52101.0
53044.0
54223.0
54321.0
54321.0
54565.0
54624.0
54565.0
52789.0
53078.0
53078.0
53826.0
56602.0
56602.0
60230.0
59245.0
59245.0
58715.0
55939.0
52311.0
52311.0
52104.0
51338.0
49562.0
48814.0
48048.0
47759.0
48048.0
47759.0
48172.0
48461.0
52159.0
53935.0
56383.0
56383.0
56094.0
55504.0
54670.0
54953.0
56534.0
56011.0
55598.0
53822.0
52424.0
54035.0
51705.0
51705.0
52058.0
50878.0
50878.0
52588.0
49662.0
47952.0
47599.0
47605.0
45157.0
45157.0
46337.0
46337.0
48419.0
48413.0
46709.0
46703.0
46709.0
46703.0
46703.0
46662.0
50260.0
50260.0
51658.0
50824.0
49426.0
50260.0
46662.0
45828.0
45232.0
45232.0
47008.0
47008.0
45232.0
46066.0
44916.0
44916.0
44916.0
45288.0
44454.0
45044.0
45288.0
44454.0
44082.0
44082.0
44916.0
48514.0
50643.0
49809.0
50399.0
48270.0
48514.0
47680.0
49456.0
50290.0
50290.0
51647.0
51647.0
50467.0
51369.0
47771.0
51399.0
53947.0
52962.0
55061.0
55414.0
57543.0
57543.0
57543.0
55444.0
52996.0
52996.0
51633.0
51633.0
49168.0
48334.0
48924.0
49649.0
50757.0
51406.0
49702.0
49702.0
49297.0
48117.0
49821.0
48987.0
47807.0
47807.0
48641.0
46937.0
46937.0
45391.0
44557.0
44740.0
44740.0
45574.0
46457.0
45574.0
44740.0
44740.0
44740.0
46036.0
44740.0
45574.0
47472.0
46638.0
48761.0
50471.0
49374.0
54653.0
52111.0
51345.0
51194.0
52137.0
52137.0
49784.0
49784.0
49784.0
52114.0
53264.0
56744.0
56372.0
54042.0
53629.0
57024.0
56330.0
53282.0
52929.0
52027.0
53207.0
52488.0
53084.0
53084.0
51904.0
51904.0
50541.0
50541.0
49556.0
48406.0
47256.0
43977.0
45340.0
44621.0
44999.0
44999.0
44999.0
47134.0
44999.0
44999.0
43636.0
43636.0
43989.0
43989.0
48560.0
49545.0
49545.0
47835.0
46472.0
47610.0
47257.0
46272.0
46272.0
46272.0
45329.0
45329.0
46479.0
46479.0
45329.0
45329.0
44344.0
44344.0
44344.0
45524.0
45524.0
45524.0
46674.0
46674.0
46674.0
45524.0
45871.0
44928.0
44928.0
49558.0
49558.0
48408.0
49174.0
52654.0
50750.0
50160.0
50750.0
47105.0
48255.0
46479.0
45329.0
44610.0
44610.0
44610.0
46739.0
50249.0
49902.0
48722.0
49665.0
48485.0
47335.0
48407.0
47422.0
48560.0
46112.0
46465.0
45516.0
44444.0
46939.0
46909.0
45729.0
44414.0
44414.0
42486.0
42839.0
42486.0
42073.0
42073.0
42426.0
43576.0
43989.0
44361.0
45541.0
46526.0
46526.0
45541.0
47317.0
47317.0
46137.0
45724.0
44574.0
43849.0
42699.0
42699.0
42740.0
44450.0
45522.0
45522.0
45169.0
45169.0
44816.0
45765.0
44792.0
44792.0
45942.0
45942.0
45942.0
45942.0
48390.0
47240.0
44792.0
44792.0
44751.0
45347.0
45347.0
46674.0
45347.0
45347.0
45170.0
45170.0
45170.0
49422.0
48059.0
48059.0
43807.0
43984.0
43984.0
43984.0
43984.0
45134.0
45481.0
45481.0
45481.0
45134.0
45134.0
46284.0
47003.0
47003.0
46284.0
46284.0
45871.0
45452.0
46632.0
46632.0
46632.0
45730.0
44550.0
45298.0
45298.0
49928.0
49928.0
48943.0
48943.0
48949.0
48602.0
50684.0
48006.0
45676.0
44928.0
44332.0
42250.0
41265.0
43163.0
42013.0
40863.0
40863.0
40863.0
40863.0
44308.0
50466.0
50466.0
50466.0
49564.0
49564.0
51894.0
54370.0
53190.0
52010.0
55638.0
55638.0
53308.0
55608.0
57938.0
55608.0
53308.0
53308.0
53308.0
51628.0
51628.0
50726.0
50726.0
49899.0
49899.0
47451.0
45151.0
44385.0
44355.0
43607.0
43607.0
43648.0
43648.0
44828.0
44828.0
49458.0
49245.0
48655.0
49245.0
48655.0
49245.0
50230.0
49640.0
50589.0
50176.0
50176.0
50176.0
50176.0
49191.0
49781.0
50430.0
49191.0
49781.0
45151.0
43971.0
43971.0
45151.0
44166.0
43199.0
43199.0
47451.0
47104.0
45924.0
45924.0
45328.0
46313.0
45328.0
45328.0
44975.0
44975.0
47669.0
48199.0
52829.0
51880.0
54003.0
50481.0
49532.0
49532.0
48630.0
47450.0
47450.0
46270.0
47420.0
45716.0
46069.0
44889.0
43940.0
43940.0
43410.0
43410.0
43369.0
43016.0
42669.0
41519.0
42669.0
42710.0
41985.0
42934.0
41985.0
43275.0
44000.0
42850.0
42125.0
43027.0
42986.0
44489.0
44489.0
44142.0
44142.0
44142.0
42962.0
42962.0
43656.0
42170.0
42170.0
40880.0
40880.0
40880.0
48742.0
48742.0
51218.0
54844.0
53942.0
55122.0
55122.0
58750.0
57570.0
55447.0
48487.0
46988.0
45808.0
45042.0
45042.0
45042.0
44689.0
44689.0
44689.0
47049.0
47049.0
47049.0
47049.0
45339.0
45339.0
45692.0
45692.0
45692.0
45692.0
45998.0
45645.0
45645.0
45645.0
44920.0
44920.0
43770.0
45662.0
44512.0
44512.0
44512.0
44512.0
46216.0
46216.0
45066.0
45066.0
45066.0
45832.0
45832.0
45832.0
46982.0
46179.0
46916.0
46916.0
46569.0
44093.0
43680.0
43680.0
42384.0
43741.0
43741.0
42384.0
42384.0
40255.0
40668.0
40668.0
40668.0
39949.0
39949.0
43429.0
41725.0
41725.0
43807.0
46137.0
46137.0
46137.0
42657.0
42657.0
42657.0
42657.0
42651.0
41501.0
41501.0
42651.0
42055.0
43553.0
41471.0
41471.0
40875.0
40875.0
44355.0
44355.0
44355.0
44355.0
44355.0
44355.0
40875.0
42858.0
42858.0
44154.0
46283.0
45936.0
45936.0
45936.0
45753.0
46738.0
50047.0
47717.0
46732.0
46732.0
46732.0
46379.0
47281.0
47281.0
53061.0
52159.0
52159.0
51168.0
48868.0
47688.0
47092.0
46673.0
46673.0
51273.0
51273.0
48597.0
49345.0
53385.0
57514.0
55880.0
55880.0
56646.0
55927.0
53804.0
54394.0
52094.0
49794.0
45164.0
47494.0
48644.0
51929.0
53705.0
54690.0
52980.0
50620.0
48125.0
46975.0
45825.0
44840.0
44840.0
44092.0
45272.0
45272.0
44323.0
43338.0
44323.0
44323.0
42023.0
41304.0
41304.0
41304.0
40124.0
42206.0
45978.0
45978.0
45978.0
45978.0
48473.0
48473.0
45997.0
44221.0
46119.0
44221.0
46521.0
45802.0
44506.0
46404.0
46404.0
50213.0
50213.0
48632.0
48632.0
44823.0
48863.0
48863.0
49453.0
48273.0
46008.0
46008.0
45418.0
45418.0
45418.0
45418.0
47122.0
44232.0
46314.0
45164.0
44750.0
44750.0
44750.0
44750.0
44750.0
44331.0
43583.0
42403.0
41684.0
40369.0
41117.0
41117.0
41117.0
41117.0
39967.0
41330.0
41330.0
43040.0
45122.0
44137.0
43412.0
45116.0
41671.0
42821.0
44184.0
44184.0
42480.0
41330.0
41330.0
41117.0
42297.0
45742.0
44757.0
43577.0
43577.0
48985.0
52264.0
46856.0
44774.0
44774.0
44774.0
45499.0
44136.0
44136.0
43151.0
45599.0
45599.0
45197.0
45550.0
45550.0
45550.0
45550.0
45550.0
45550.0
46846.0
46098.0
46098.0
45149.0
44843.0
44843.0
45993.0
46936.0
46936.0
45640.0
44488.0
43192.0
42473.0
42473.0
42473.0
41748.0
41748.0
41748.0
41748.0
40568.0
41553.0
46477.0
48837.0
47852.0
47104.0
44656.0
43360.0
45836.0
42563.0
44662.0
47138.0
45039.0
45039.0
43859.0
41411.0
44690.0
45675.0
42396.0
42396.0
42396.0
41100.0
40934.5
40934.5
40934.5
40934.5
40934.5
40934.5
41223.0
40934.5
41223.0
41223.0
42208.0
40934.5
42072.5
42662.5
46142.5
45376.5
45075.0
49870.0
48690.0
46267.0
44921.5
44921.5
46160.5
44980.5
44980.5
44030.0
43311.0
42326.0
42326.0
41913.0
43841.0
42661.0
40444.0
39459.0
39459.0
38279.0
38279.0
38279.0
38626.0
38626.0
42825.0
38626.0
38626.0
38626.0
38626.0
37878.0
42077.0
41664.0
41664.0
45292.0
44573.0
43423.0
43423.0
46148.0
45801.0
45801.0
45388.0
45388.0
46568.0
47748.0
47748.0
51168.0
53267.0
53308.0
52359.0
54488.0
52359.0
52359.0
50909.0
50477.0
50477.0
49327.0
48974.0
53592.0
52412.0
50283.0
50283.0
49103.0
48756.0
48756.0
46396.0
46402.0
46402.0
46402.0
45210.0
44863.0
45582.0
43878.0
49440.0
48538.0
49134.0
49134.0
45872.0
47800.0
47081.0
46333.0
46333.0
45348.0
46067.0
45654.0
48089.0
45654.0
44474.0
46774.0
46402.0
47174.0
47174.0
47922.0
