probIgnore0 = [70919.5
72523.0
71166.0
70813.0
72936.0
70636.0
69385.5
70989.0
69385.5
70505.5
72694.5
72694.5
73874.5
73874.5
73284.5
72694.5
74888.0
71998.0
71998.0
71055.0
69905.0
69905.0
73945.0
71055.0
71096.0
73986.0
71096.0
73986.0
73986.0
70536.0
73986.0
71656.0
68700.0
70410.0
69290.0
72740.0
72144.0
72740.0
72144.0
72144.0
72144.0
69814.0
68871.0
68871.0
67514.0
69814.0
67514.0
67514.0
67514.0
68871.0
67278.0
65921.0
67278.0
67272.0
65915.0
67272.0
66122.0
68422.0
68422.0
68452.0
68245.0
68452.0
68245.0
69194.0
71494.0
69194.0
68245.0
70545.0
69602.0
69602.0
69602.0
67242.0
65532.0
68794.0
68794.0
69737.0
69737.0
68794.0
68593.0
69536.0
68593.0
68593.0
68246.0
64766.0
66889.0
66889.0
67485.0
68428.0
67485.0
67485.0
67485.0
67485.0
68489.0
69785.0
69785.0
69019.0
67869.0
70169.0
66719.0
71349.0
66719.0
63239.0
66689.0
66689.0
66689.0
64973.0
61523.0
61110.0
61110.0
65740.0
64590.0
64590.0
68040.0
64590.0
68040.0
64590.0
64590.0
62260.0
65710.0
66400.5
67580.5
62950.5
68730.5
66430.5
66430.5
66430.5
66430.5
66430.5
66430.5
68730.5
64100.5
64100.5
64100.5
68730.5
68040.0
67444.0
66087.0
66087.0
66087.0
65144.0
67444.0
66501.0
67444.0
65144.0
64791.0
64791.0
67444.0
66087.0
65144.0
67444.0
67031.0
65881.0
64938.0
64938.0
65881.0
65881.0
67061.0
67061.0
67433.0
68376.0
64896.0
63716.0
59972.0
62272.0
63422.0
61122.0
61122.0
64602.0
63659.0
68583.0
68583.0
66223.0
68583.0
68583.0
68583.0
68583.0
68996.0
68996.0
66873.0
65127.0
65127.0
64774.0
67700.0
65400.0
66981.0
64055.0
66981.0
66981.0
65400.0
66981.0
66981.0
68161.0
65235.0
68161.0
69341.0
66415.0
69341.0
68161.0
66580.0
63384.0
64965.0
64022.0
62441.0
61456.0
61456.0
62606.0
61456.0
63342.0
63342.0
64492.0
65890.0
65300.0
63530.0
63713.0
64303.0
65069.0
65069.0
63919.0
63919.0
63919.0
64167.0
61807.0
62221.0
61849.0
63747.0
64927.0
67959.0
67435.0
67435.0
66839.0
66839.0
63807.0
63807.0
63807.0
64160.0
67192.0
67788.0
67435.0
68615.0
68798.0
70155.0
71098.0
68798.0
68798.0
70155.0
71335.0
71335.0
72278.0
72278.0
72278.0
69978.0
70161.0
72461.0
70161.0
72461.0
70757.0
73057.0
71877.0
70934.0
69577.0
69577.0
67277.0
68634.0
67277.0
68397.0
65921.0
65921.0
64978.0
65921.0
64801.0
68634.0
67277.0
67649.0
69006.0
69949.0
69006.0
69006.0
67649.0
68769.0
67649.0
69006.0
68592.0
68945.0
70649.0
70649.0
70649.0
66598.0
67778.0
67778.0
72006.0
72006.0
71592.0
69888.0
65630.0
69116.0
71592.0
72535.0
71592.0
71592.0
71592.0
71939.0
71939.0
71592.0
71592.0
71592.0
71592.0
71592.0
71592.0
71592.0
69888.0
71592.0
71239.0
72535.0
73700.0
73700.0
70235.0
69286.0
71586.0
70643.0
71586.0
69286.0
71592.0
70442.0
66962.0
68112.0
66402.0
68112.0
66402.0
68112.0
66402.0
68519.0
70229.0
68519.0
70229.0
71468.0
70229.0
69079.0
70229.0
69079.0
70229.0
68519.0
70229.0
69857.0
68147.0
69857.0
68707.0
69857.0
72753.0
68707.0
72157.0
68707.0
72157.0
72747.0
70447.0
70447.0
72157.0
68707.0
73337.0
69887.0
69887.0
67557.0
71007.0
69857.0
73337.0
72187.0
73337.0
71627.0
73337.0
71627.0
73337.0
72187.0
69887.0
73337.0
71627.0
73337.0
73337.0
71627.0
71627.0
73337.0
70447.0
71349.0
74239.0
75419.0
72529.0
72529.0
75419.0
72529.0
69084.0
71974.0
73213.0
69084.0
69084.0
67904.0
70794.0
72033.0
67904.0
70794.0
70441.0
67551.0
70441.0
69498.0
64868.0
69498.0
69778.0
68068.0
67715.0
69425.0
67715.0
69425.0
70088.0
69145.0
64515.0
69145.0
69145.0
64515.0
64515.0
67965.0
66567.0
63117.0
67747.0
68690.0
65800.0
68690.0
69280.0
65800.0
68690.0
65800.0
68690.0
65800.0
68690.0
65800.0
69929.0
65800.0
68690.0
65800.0
66980.0
66980.0
69870.0
69870.0
68927.0
64297.0
68927.0
69870.0
66980.0
69870.0
68927.0
64297.0
63117.0
63117.0
66567.0
64620.0
68065.0
70365.0
69185.0
68035.0
65735.0
68035.0
68035.0
65735.0
68035.0
68035.0
65735.0
68035.0
68035.0
65735.0
59016.0
61316.0
59016.0
61316.0
59016.0
61316.0
59016.0
59016.0
60166.0
62466.0
60166.0
61286.0
58986.0
61286.0
62684.0
60384.0
62684.0
63864.0
66224.0
64520.0
66224.0
66224.0
63894.0
63340.0
63340.0
64520.0
66820.0
64520.0
66224.0
65044.0
65044.0
63340.0
65044.0
64837.0
65987.0
64837.0
64807.0
62507.0
64807.0
64837.0
64807.0
64807.0
65456.0
63746.0
63097.0
62744.0
62154.0
63393.0
63740.0
62590.0
62590.0
66630.0
62501.0
65981.0
65987.0
65987.0
66930.0
62300.0
66930.0
63450.0
66930.0
65987.0
67167.0
68110.0
68110.0
64630.0
64630.0
63728.0
67208.0
68510.0
68510.0
68510.0
65030.0
65620.0
65030.0
65030.0
65030.0
65620.0
65620.0
66800.0
66210.0
67449.0
66800.0
66210.0
67390.0
67980.0
67390.0
67390.0
70870.0
66240.0
67390.0
70870.0
66240.0
65297.0
69521.0
67191.0
69521.0
69521.0
67191.0
69521.0
67191.0
69521.0
67191.0
67191.0
69521.0
69521.0
69521.0
70464.0
71614.0
75094.0
73384.0
71986.0
67356.0
66413.0
65647.0
63317.0
66296.0
65647.0
66590.0
66590.0
71220.0
68330.0
67740.0
68330.0
67740.0
68330.0
68330.0
68330.0
68330.0
68330.0
67740.0
71220.0
71869.0
71869.0
72920.0
70030.0
69683.0
69034.0
68444.0
69034.0
68444.0
69034.0
68444.0
68444.0
71924.0
68444.0
71924.0
71924.0
68444.0
69034.0
70214.0
69624.0
67495.0
67495.0
68085.0
68085.0
63703.0
63703.0
63113.0
66593.0
63113.0
63703.0
63113.0
66593.0
63113.0
63703.0
64428.0
63838.0
62658.0
62658.0
62658.0
66138.0
66138.0
62658.0
63352.0
63352.0
66832.0
63352.0
63352.0
63942.0
63352.0
59902.0
61141.0
65181.0
64532.0
64532.0
65652.0
66832.0
65889.0
63559.0
63559.0
64278.0
66608.0
66608.0
65458.0
66608.0
67551.0
65251.0
65251.0
67551.0
65251.0
64308.0
64588.0
64308.0
65665.0
65237.0
65267.0
65237.0
64588.0
65237.0
65237.0
68702.0
65237.0
66608.0
63128.0
66608.0
63128.0
63128.0
63128.0
66608.0
64308.0
64308.0
66608.0
66608.0
63128.0
63718.0
63128.0
63718.0
63128.0
66608.0
64308.0
66608.0
63128.0
63718.0
60061.0
62361.0
65236.0
64661.0
62970.0
63545.0
67025.0
66082.0
69562.0
70505.0
67025.0
67025.0
66300.0
67539.0
66949.0
66949.0
67539.0
65725.0
66300.0
66300.0
66300.0
66300.0
64913.0
64338.0
64913.0
64913.0
64913.0
64913.0
64338.0
64338.0
63991.0
64566.0
66494.0
66494.0
66494.0
66494.0
65919.0
65153.0
63973.0
65123.0
65470.0
66045.0
66045.0
67408.0
65108.0
68588.0
66288.0
68588.0
68588.0
70888.0
72068.0
72068.0
67408.0
65480.0
65852.0
64702.0
65852.0
64702.0
65852.0
66571.0
66199.0
68127.0
68127.0
66977.0
66977.0
68157.0
68157.0
68157.0
68157.0
66977.0
66977.0
68157.0
66977.0
68157.0
66977.0
66977.0
68753.0
68753.0
69933.0
68753.0
69933.0
68753.0
71083.0
73383.0
74563.0
74563.0
73413.0
74563.0
74563.0
73383.0
71083.0
74563.0
71083.0
71083.0
73383.0
73383.0
72808.0
70493.0
70493.0
70493.0
70493.0
70493.0
70493.0
70493.0
71808.0
71808.0
69508.0
72988.0
72045.0
70895.0
72045.0
73443.0
72500.0
72500.0
74582.0
73225.0
73018.0
74168.0
73018.0
74168.0
73018.0
74817.0
68470.0
68470.0
68470.0
68470.0
67527.0
65698.0
66641.0
67290.0
67290.0
66641.0
66641.0
66641.0
70755.0
69812.0
65698.0
67998.0
66641.0
66671.0
66324.0
67474.0
63994.0
64341.0
63161.0
64110.0
64110.0
61981.0
61981.0
60235.0
60235.0
61531.0
60629.0
58925.0
62375.0
61851.0
61851.0
62375.0
61851.0
63555.0
62259.0
61274.0
61274.0
59570.0
60094.0
59369.0
61889.0
63593.0
61889.0
66519.0
66519.0
67285.0
67291.0
67291.0
66389.0
66389.0
68471.0
69651.0
69651.0
69651.0
68501.0
66171.0
66171.0
65228.0
68460.0
67280.0
67999.0
69179.0
65947.0
69179.0
69179.0
66703.0
66703.0
66703.0
66703.0
66703.0
66703.0
66703.0
66703.0
69033.0
69033.0
69033.0
67257.0
69033.0
69033.0
66733.0
69033.0
66733.0
66733.0
67105.0
67105.0
68991.0
68048.0
65748.0
65335.0
68785.0
68785.0
65335.0
65335.0
65335.0
69563.0
67263.0
69563.0
69976.0
69976.0
69027.0
69027.0
69976.0
67452.0
69976.0
69292.0
68343.0
70472.0
71421.0
70241.0
67717.0
70241.0
68465.0
67285.0
66537.0
69061.0
67881.0
66483.0
64555.0
62031.0
60327.0
60674.0
63027.0
63970.0
62790.0
61670.0
61021.0
64877.0
64877.0
66234.0
65054.0
67354.0
65225.0
61745.0
61745.0
63874.0
67354.0
66758.0
63130.0
63130.0
63130.0
62181.0
63130.0
63130.0
61980.0
60800.0
61153.0
61153.0
65377.0
61153.0
63235.0
61183.0
59291.0
59597.0
60540.0
61690.0
62043.0
61690.0
60540.0
60893.0
60540.0
60547.5
60900.5
61136.0
61489.0
61483.0
63193.0
63789.0
63546.0
63789.0
63546.0
63959.0
66255.0
63959.0
