addCurrent05 = [72523.0
69013.0
68265.0
67016.0
64887.0
66067.0
64463.5
60222.5
61826.0
58594.0
56465.0
54172.5
54861.5
53876.5
53286.5
53187.5
53286.5
53876.5
55480.0
53286.5
53286.5
53286.5
53245.5
53835.5
53794.5
55398.0
53794.5
53794.5
55398.0
58476.0
57053.0
53975.0
53622.0
53622.0
51329.5
53622.0
52018.5
51977.5
51977.5
50620.5
52224.0
52224.0
52224.0
52224.0
52224.0
51044.0
49440.5
51592.5
53196.0
51592.5
51592.5
51592.5
50903.5
53196.0
54346.0
54346.0
52742.5
52152.5
52742.5
52017.5
52017.5
54347.5
58965.5
57669.5
56489.5
54798.5
54798.5
56402.0
58112.0
60654.0
60654.0
58878.0
56383.0
58087.0
58087.0
54090.5
56383.0
58074.0
56383.0
56383.0
58683.0
56390.5
54090.5
54189.5
51859.5
51859.5
51859.5
53574.5
52022.5
52612.5
52259.5
53863.0
53863.0
52259.5
53863.0
53863.0
52148.0
56353.0
56353.0
52148.0
56353.0
56353.0
57533.0
55929.5
58229.5
59833.0
57533.0
55929.5
55929.5
55929.5
54779.5
54189.5
52509.5
53824.5
53105.5
51925.5
54183.5
56377.0
52172.0
54070.0
51770.0
50166.5
51770.0
50166.5
53616.5
52301.5
52301.5
53981.5
55161.5
54896.5
53020.0
56500.0
54896.5
54896.5
52596.5
52861.5
52172.5
52271.5
54465.0
56588.0
58888.0
60481.0
58181.0
56577.5
56230.5
53900.5
57350.5
58530.5
57350.5
58530.5
57841.5
55511.5
55610.5
57804.0
57804.0
56200.5
55853.5
53553.5
52957.5
51059.5
52663.0
50469.5
50469.5
51059.5
51059.5
49344.5
48655.5
50948.0
49344.5
47215.5
47215.5
47215.5
48819.0
51295.0
51295.0
51295.0
49101.5
51295.0
51825.0
48435.0
46831.5
44708.5
43528.5
42839.5
43528.5
42938.5
42839.5
45169.5
45858.5
47462.0
50540.0
48936.5
50086.5
53164.5
51984.5
55227.5
52897.5
54501.0
54501.0
56801.0
54508.5
52208.5
54501.0
52897.5
49819.5
48680.5
50284.0
53066.0
50773.5
53066.0
50872.5
51462.5
50714.5
50714.5
49729.5
47471.5
46752.5
48356.0
47407.0
47407.0
45803.5
45803.5
45803.5
45803.5
45450.5
47054.0
45450.5
49355.5
50959.0
51312.0
49708.5
49118.5
51312.0
49708.5
49708.5
51312.0
51312.0
49708.5
45450.5
45450.5
44761.5
44761.5
44860.5
47054.0
47054.0
47426.0
47426.0
45822.5
45822.5
45822.5
47426.0
45133.5
47426.0
45822.5
46541.5
45951.5
45852.5
44702.5
44355.5
46648.0
50128.0
47934.5
47934.5
50128.0
50481.0
48287.5
50481.0
51206.0
51559.0
49955.5
49608.5
48842.5
48117.5
48111.5
48111.5
47386.5
46790.5
46790.5
46200.5
46200.5
48394.0
46790.5
46790.5
46101.5
48401.5
48401.5
48401.5
48054.5
48643.0
55561.0
55561.0
56286.0
58184.0
59894.0
56632.0
55482.0
55482.0
54927.0
54927.0
54927.0
59557.0
60276.0
60836.0
61986.0
64462.0
61602.0
60883.0
60883.0
65501.0
62021.0
65501.0
66750.0
66154.0
66154.0
64550.5
60651.5
60279.5
61883.0
62785.0
62785.0
60455.0
57979.0
56375.5
54252.5
54258.5
54075.5
54671.5
53982.5
53635.5
53734.5
59013.5
57774.5
56064.5
57244.5
59438.0
57244.5
52614.5
52018.5
54212.0
56512.0
60240.0
58636.5
60240.0
63472.0
61868.5
61278.5
62221.5
64415.0
62115.0
60717.0
62115.0
60511.5
62115.0
60511.5
62115.0
60511.5
59921.5
59822.5
62115.0
60511.5
60511.5
60511.5
62115.0
60511.5
59921.5
62115.0
60511.5
62634.5
59113.5
58523.5
60717.0
60717.0
60717.0
60364.0
58071.5
60364.0
60364.0
58760.5
60364.0
60364.0
60717.0
60364.0
58760.5
57858.5
59462.0
61166.0
60223.0
62346.0
59038.5
57681.5
60011.5
59322.5
60011.5
64611.5
64794.5
66398.0
63922.0
61051.0
58857.5
61051.0
57819.0
55489.0
55489.0
53885.5
52181.5
51591.5
50872.5
53066.0
51462.5
53066.0
53066.0
51462.5
51462.5
50773.5
49623.5
49623.5
49623.5
48674.5
50967.0
49363.5
49363.5
48674.5
49422.5
48697.5
50990.0
51031.0
48837.5
48837.5
48837.5
48738.5
48837.5
51031.0
51031.0
52181.0
50577.5
50577.5
52181.0
49987.5
50577.5
49427.5
48679.5
47990.5
47394.5
47394.5
49687.0
48083.5
49032.5
50636.0
49032.5
51362.5
51362.5
51362.5
50772.5
48442.5
48442.5
49391.5
49391.5
49350.5
51544.0
49940.5
49251.5
51544.0
49940.5
49940.5
49251.5
49940.5
49251.5
49940.5
48991.5
50595.0
48991.5
48302.5
50595.0
48991.5
48991.5
48401.5
48302.5
50595.0
50595.0
52493.0
52493.0
52493.0
50889.5
50889.5
50428.5
49739.5
49739.5
52971.5
53070.5
53070.5
49838.5
52032.0
52202.0
49909.5
49909.5
49909.5
52202.0
50598.5
48516.5
50120.0
51416.0
51416.0
49812.5
48863.5
52343.5
52343.5
51654.5
51654.5
53947.0
55651.0
56636.0
53328.5
50998.5
52602.0
50309.5
51258.5
51258.5
50905.5
49755.5
50108.5
50108.5
52401.0
52401.0
50207.5
50108.5
52401.0
52997.0
52048.0
51865.0
51452.0
50272.0
50272.0
47496.0
46900.0
46152.0
46152.0
46877.0
46281.0
45131.0
45131.0
52049.0
48009.0
48569.0
47419.0
46859.0
48480.0
48480.0
49246.0
49806.0
49246.0
50986.0
50986.0
49382.5
50986.0
49806.0
48904.0
47724.0
47724.0
47724.0
46958.0
46398.0
46398.0
46958.0
46398.0
48138.0
46958.0
45258.0
46408.0
46408.0
45258.0
45258.0
44845.0
43665.0
43105.0
44845.0
43665.0
43105.0
42339.0
44728.0
45258.0
43654.5
45258.0
45860.0
45860.0
44031.0
43471.0
43471.0
42917.0
42917.0
41178.5
40872.5
40689.5
43177.5
42228.5
43780.5
44729.5
40689.5
42429.5
44722.0
43542.0
42982.0
43542.0
46318.0
49946.0
49221.0
49946.0
52470.0
51910.0
50961.0
53090.0
53090.0
50896.5
50896.5
54936.5
55426.0
57902.0
53255.0
50807.0
51957.0
55365.0
51368.5
53661.0
50879.0
51627.0
49151.0
49151.0
47547.5
49151.0
47547.5
45649.5
44960.5
49708.5
48558.5
47839.5
50132.0
50132.0
48528.5
50132.0
48528.5
50132.0
48528.5
50132.0
50132.0
48528.5
48528.5
47938.5
48528.5
47839.5
47839.5
45391.5
45391.5
45391.5
45391.5
47684.0
46080.5
47684.0
45354.0
43750.5
43061.5
43061.5
42714.5
45007.0
45007.0
43403.5
42714.5
43403.5
43403.5
45113.5
45113.5
44475.5
44475.5
44475.5
46775.5
46769.5
48373.0
46080.5
46386.5
48679.0
49829.0
47536.5
51134.5
50415.5
52708.0
51104.5
48804.5
48804.5
48214.5
52844.5
53493.5
50544.5
50197.5
55453.5
55051.5
56183.5
50927.5
51517.5
53121.0
52172.0
50568.5
52172.0
52172.0
50568.5
49879.5
46281.5
46281.5
46970.5
46970.5
46380.5
48574.0
45094.0
45094.0
48574.0
50934.0
48574.0
46970.5
46970.5
46440.5
44110.5
44110.5
44110.5
44110.5
45714.0
44110.5
45714.0
47418.0
44110.5
43362.5
43362.5
42413.5
44017.0
44364.0
42071.5
44364.0
42760.5
43940.5
42760.5
44364.0
42760.5
44364.0
42760.5
42760.5
42170.5
42760.5
44364.0
42760.5
42760.5
44364.0
44364.0
42760.5
42760.5
42071.5
42071.5
44364.0
42760.5
42170.5
40990.5
40643.5
42837.0
41233.5
40544.5
40544.5
42837.0
43250.0
41056.5
40957.5
41646.5
41056.5
41056.5
40957.5
40957.5
43250.0
40957.5
40957.5
43250.0
41646.5
41646.5
43250.0
41646.5
43250.0
43250.0
41646.5
41646.5
43250.0
41056.5
40957.5
40916.5
40916.5
40916.5
40916.5
42066.5
42066.5
44359.0
42755.5
42066.5
44366.5
46659.0
48716.0
47112.5
49560.5
51164.0
51164.0
52107.0
50050.0
51230.0
51230.0
52945.0
51230.0
49526.0
47078.0
47078.0
46330.0
45387.0
47315.0
46165.0
45569.0
43641.0
45341.0
43641.0
42491.0
42491.0
42491.0
42491.0
42491.0
47747.0
49462.0
51390.0
48128.0
49838.0
49838.0
47608.5
42978.5
42937.5
42937.5
41227.5
45857.5
45757.0
44808.0
46146.0
47296.0
46924.0
46924.0
46335.5
46924.0
47024.5
46924.0
45586.0
45586.0
46658.0
46658.0
48362.0
49512.0
47808.0
46658.0
49961.0
49213.0
48033.0
47543.5
48033.0
48446.0
47374.0
47970.0
44667.0
44484.0
49089.0
48676.0
47970.0
47970.0
48000.0
47587.0
45841.0
45811.0
46577.0
46577.0
46536.0
45386.0
45982.0
45982.0
46688.0
46198.5
46688.0
45922.0
48752.0
48163.5
48752.0
49165.0
48417.0
48417.0
48417.0
46288.0
47190.0
47938.0
45856.0
47913.0
52543.0
50213.0
50213.0
49624.5
50213.0
46793.0
46793.0
46793.0
47600.0
46421.0
45931.5
45931.5
45832.5
46421.0
45825.0
45825.0
44882.0
44882.0
44882.0
44882.0
44882.0
44882.0
46032.0
43838.5
44428.5
46032.0
46445.0
44841.5
43746.5
43746.5
45350.0
43746.5
45350.0
43746.5
45350.0
48375.0
48375.0
50291.0
48687.5
48687.5
47998.5
50723.5
49780.5
49780.5
49780.5
52073.0
52073.0
49991.0
49991.0
48387.5
49991.0
48387.5
49991.0
52467.0
52467.0
50691.0
50691.0
48398.5
48398.5
47102.5
47201.5
47201.5
47201.5
44901.5
45491.5
47095.0
48799.0
48799.0
48616.0
46912.0
46499.0
48628.0
47065.0
45763.0
48239.0
50362.0
50362.0
50362.0
47886.0
47886.0
48239.0
47059.0
45879.0
45526.0
45526.0
46469.0
46116.0
45744.0
44977.0
49135.0
47703.0
47703.0
47703.0
47703.0
49135.0
50845.0
51570.0
51570.0
49447.0
44917.0
44917.0
44192.0
44788.0
48268.0
50474.0
