addCurrent1 = [67332.0
66182.0
68110.0
68110.0
63480.0
59852.0
58909.0
61515.0
59988.0
59641.0
58467.0
57293.0
58820.0
56768.0
57121.0
56655.0
57121.0
56396.0
55759.0
56909.0
55729.0
58177.0
58524.0
59887.0
58524.0
58524.0
57498.0
55971.0
55971.0
56997.0
58524.0
59698.0
58672.0
61061.0
61061.0
61061.0
59698.0
59698.0
57988.0
57988.0
56461.0
59770.0
59770.0
59770.0
59770.0
60536.0
59386.0
57257.0
57074.0
56143.0
53999.0
53875.0
54901.0
54901.0
53875.0
50247.0
49894.0
50920.0
49144.0
49144.0
49144.0
48118.0
46944.0
47970.0
46944.0
46944.0
47970.0
47970.0
46944.0
46944.0
46944.0
46944.0
46944.0
46944.0
47250.0
48276.0
49456.0
48276.0
48925.0
48276.0
48866.0
48519.0
49109.0
48384.0
49564.0
49570.0
49570.0
47800.0
47800.0
46650.0
49163.0
48573.0
52205.0
50842.0
49816.0
49816.0
50842.0
48790.0
48484.0
48484.0
45205.0
47675.0
55076.0
57436.0
52906.0
52906.0
50777.0
49828.0
49597.0
50777.0
49597.0
51053.0
50706.0
50706.0
48258.0
50340.0
49160.0
54917.0
54917.0
53861.0
53861.0
57766.0
54457.0
58715.0
59068.0
59068.0
61457.0
60325.0
58962.0
57812.0
56662.0
57812.0
61457.0
60277.0
60277.0
60277.0
60277.0
59251.0
60277.0
56998.0
53353.0
52203.0
48392.0
47242.0
46889.0
46889.0
46257.0
45844.0
45497.0
45497.0
46647.0
45497.0
49007.0
46801.0
50487.0
50487.0
56717.0
55537.0
57926.0
57926.0
51696.0
51047.0
51679.0
50965.0
54197.0
50552.0
49526.0
49520.0
50670.0
51696.0
53941.0
58837.0
55623.0
54597.0
54597.0
53447.0
58437.0
58443.0
58443.0
58443.0
56545.0
57571.0
56421.0
55395.0
51124.0
52274.0
54014.0
53300.0
52032.0
52032.0
54575.0
53395.0
53395.0
52410.0
51384.0
51384.0
50204.0
46606.0
47632.0
46482.0
45302.0
43939.0
46068.0
46068.0
43939.0
43245.0
44608.0
43623.0
43251.0
41888.0
41888.0
41888.0
44017.0
44783.0
44783.0
44058.0
44058.0
45208.0
43432.0
42406.0
41876.0
43616.0
43616.0
43616.0
43616.0
49373.0
49373.0
49373.0
47244.0
47244.0
45504.0
47633.0
48659.0
47479.0
46453.0
46453.0
46453.0
48193.0
47479.0
47479.0
48464.0
49821.0
48795.0
47438.0
53578.0
54604.0
54604.0
52475.0
46335.0
49030.0
48004.0
54144.0
55170.0
52722.0
53447.0
52090.0
49595.0
53819.0
52669.0
52669.0
51921.0
51921.0
50583.0
54841.0
54841.0
50583.0
50583.0
50583.0
49433.0
49433.0
51209.0
51209.0
51209.0
51209.0
49433.0
49392.0
49392.0
49392.0
47446.0
48165.0
48165.0
51091.0
51091.0
53986.0
51060.0
51060.0
50294.0
50641.0
50641.0
48559.0
48559.0
47379.0
46660.0
46660.0
46313.0
46313.0
45334.0
44586.0
43820.0
43820.0
53080.0
55410.0
55410.0
54425.0
54425.0
51499.0
50780.0
50774.0
50774.0
47129.0
47129.0
48279.0
48155.0
49181.0
50885.0
49552.0
47848.0
46485.0
45500.0
45500.0
46449.0
51079.0
51079.0
51120.0
46490.0
45547.0
42621.0
47209.0
45894.0
45853.0
44703.0
45056.0
46419.0
46419.0
46419.0
46419.0
45056.0
44526.0
44567.0
45315.0
45315.0
46465.0
45315.0
45315.0
45315.0
47025.0
45315.0
45315.0
44567.0
44567.0
45315.0
45315.0
45315.0
45315.0
42985.0
48837.0
48837.0
48424.0
47646.0
48631.0
45705.0
45352.0
45352.0
44280.0
43532.0
43532.0
43532.0
43113.0
43113.0
43113.0
42583.0
42583.0
42583.0
41403.0
41403.0
41403.0
42705.0
42705.0
42705.0
43800.0
43794.0
43794.0
45851.0
45255.0
44725.0
46405.0
46405.0
46405.0
45420.0
45420.0
43740.0
43781.0
43781.0
43781.0
43434.0
48064.0
47651.0
47651.0
50376.0
50376.0
50376.0
50723.0
50723.0
49391.0
50340.0
49391.0
48300.0
49372.0
47974.0
50056.0
50363.0
50363.0
51389.0
49266.0
50976.0
50976.0
54486.0
52776.0
52776.0
52776.0
52423.0
51243.0
53767.0
51638.0
50488.0
50488.0
51638.0
50488.0
49338.0
49338.0
49338.0
48158.0
48158.0
48158.0
47439.0
47092.0
47092.0
47092.0
47439.0
50859.0
50853.0
52003.0
51656.0
49527.0
48170.0
48170.0
47532.0
47532.0
44666.0
44666.0
51313.0
50565.0
50565.0
50565.0
45770.0
45776.0
45776.0
45776.0
45776.0
45051.0
44704.0
47034.0
50720.0
49694.0
49694.0
50041.0
50041.0
51067.0
50041.0
51067.0
50041.0
51067.0
50041.0
50388.0
49238.0
48058.0
49798.0
46525.0
46525.0
47209.0
44785.0
44785.0
45734.0
45734.0
45734.0
46683.0
49072.0
49072.0
49107.0
46683.0
46683.0
47863.0
50163.0
50163.0
52587.0
55016.0
52592.0
54302.0
56726.0
54302.0
54302.0
56726.0
58436.0
59263.0
59269.0
59310.0
56886.0
58626.0
59275.0
60425.0
60460.0
56255.0
53831.0
52127.0
54551.0
52127.0
54457.0
54993.0
55820.0
58244.0
58244.0
55820.0
58244.0
59424.0
57000.0
59389.0
57000.0
59424.0
60143.0
60143.0
60102.0
58533.0
57690.0
58716.0
57566.0
56540.0
56893.0
54764.0
55790.0
54640.0
54640.0
55053.0
57383.0
57383.0
54240.0
51910.0
51910.0
51910.0
53650.0
54299.0
51910.0
50925.0
53349.0
55053.0
52971.0
52252.0
49828.0
52252.0
49828.0
51568.0
51568.0
51568.0
50843.0
50802.0
51451.0
51486.0
53190.0
50766.0
52506.0
52506.0
52153.0
52506.0
51976.0
51675.0
50236.0
51976.0
50904.0
50904.0
50603.0
50950.0
49511.0
49511.0
49511.0
51900.0
53050.0
52100.0
57868.0
56429.0
57868.0
57143.0
57868.0
57868.0
55568.0
54129.0
55568.0
56718.0
55279.0
56718.0
55279.0
56718.0
55279.0
52602.0
52602.0
51877.0
53316.0
51877.0
53316.0
54496.0
53057.0
51877.0
53316.0
55379.0
60185.0
58746.0
59118.0
60557.0
55751.0
54312.0
54312.0
54312.0
54312.0
55751.0
60557.0
55751.0
54312.0
55751.0
57089.0
55650.0
55297.0
55297.0
53234.0
52881.0
52881.0
52881.0
52881.0
51181.0
52207.0
54336.0
52973.0
51823.0
55451.0
53003.0
52278.0
52278.0
53003.0
51823.0
50053.0
51544.0
52263.0
51237.0
51237.0
52263.0
51237.0
52263.0
53335.0
52309.0
54049.0
51567.0
50819.0
50094.0
48354.0
50094.0
49380.0
48354.0
48354.0
49534.0
51597.0
52777.0
53803.0
54953.0
53462.0
52312.0
53037.0
53037.0
51857.0
50677.0
49651.0
51391.0
57797.0
56482.0
57131.0
55768.0
54324.0
50844.0
54489.0
53091.0
52065.0
53091.0
51941.0
50915.0
51941.0
51941.0
54717.0
54717.0
55130.0
55130.0
58056.0
58056.0
61536.0
64462.0
64049.0
62869.0
59943.0
59943.0
62072.0
62072.0
66318.0
62154.0
62154.0
60727.5
60137.5
63063.5
63995.5
65599.0
61347.0
57867.0
52907.0
50778.0
54423.0
52819.5
52819.5
54423.0
54051.0
56381.0
56034.0
53704.0
54057.0
51515.0
49911.5
49911.5
49911.5
49911.5
51515.0
49911.5
48548.5
50152.0
49433.0
49080.0
51162.0
51969.0
50365.5
50365.5
50365.5
51969.0
50819.0
49215.5
49215.5
50819.0
52310.0
50706.5
50293.5
50823.5
50823.5
52427.0
50823.5
52427.0
50823.5
50823.5
54551.5
53826.5
53826.5
53726.0
54098.0
54098.0
50453.0
49090.0
53695.0
55777.0
55777.0
55877.5
55877.5
55777.0
55777.0
55058.0
55058.0
58703.0
56574.0
58703.0
57523.0
55394.0
54409.0
54409.0
54056.0
54056.0
56119.0
56119.0
54056.0
54056.0
55005.0
54592.0
54592.0
52079.0
52079.0
51732.0
51732.0
50960.0
50212.0
49906.0
49310.0
49310.0
49310.0
49310.0
49310.0
49310.0
49269.0
48922.0
48208.0
49824.0
49824.0
49294.0
49294.0
49294.0
49294.0
49294.0
49294.0
49294.0
49294.0
48569.0
48386.0
48203.0
47571.0
46138.0
47754.0
46138.0
47754.0
47754.0
46805.0
45189.0
43585.5
43585.5
44824.5
44824.5
44824.5
45189.0
46805.0
47553.0
47140.0
50772.0
50772.0
51125.0
50772.0
51952.0
50772.0
49870.0
49517.0
48373.0
49553.0
49553.0
50319.0
50319.0
49139.0
51587.0
51587.0
50407.0
50407.0
47959.0
47546.0
48631.0
52259.0
52076.0
49746.0
49746.0
48998.0
49304.0
49304.0
50052.0
49699.0
49699.0
49516.0
48083.0
46479.5
49493.5
50083.5
49393.0
47847.0
47664.0
49186.5
47847.0
47847.0
47847.0
47847.0
47475.0
47122.0
47122.0
46939.0
46939.0
46939.0
46526.0
46526.0
46526.0
47706.0
45930.0
45930.0
45930.0
45930.0
45930.0
45930.0
51351.0
45930.0
45577.0
45577.0
44397.0
44397.0
44397.0
44397.0
44397.0
44397.0
44397.0
44750.0
44750.0
44750.0
43942.0
45122.0
43194.0
44592.0
40964.0
40964.0
40964.0
39566.0
42012.0
42012.0
39566.0
42875.0
42522.0
42516.0
46421.0
42516.0
46421.0
46774.0
47759.0
46774.0
46421.0
46421.0
46421.0
45058.0
45058.0
45058.0
47157.0
48337.0
46007.0
45241.0
45241.0
43118.0
43118.0
43118.0
43118.0
43118.0
43118.0
43118.0
43118.0
43118.0
43118.0
44067.0
44067.0
48325.0
47953.0
47953.0
44939.0
47953.0
48678.0
47404.0
46041.0
47315.0
48465.0
49450.0
48176.0
49450.0
48176.0
49450.0
48176.0
48176.0
46436.0
45286.0
45633.0
48647.0
44389.0
44471.0
47780.0
45651.0
44377.0
45651.0
44377.0
42637.0
45651.0
45651.0
44471.0
43197.0
41457.0
46028.0
49042.0
46028.0
49538.0
49538.0
52552.0
51278.0
52003.0
53277.0
54675.0
