probIgnore005 = [71373.0
70430.0
68301.0
66697.5
62067.5
66697.5
65517.5
66697.5
65448.5
66628.5
64298.5
62422.0
62185.0
65665.0
64485.0
62881.5
62881.5
61701.5
62881.5
62881.5
60551.5
62155.0
62155.0
62155.0
60073.0
60073.0
58469.5
58469.5
60073.0
60073.0
58469.5
56169.5
54989.5
56169.5
57773.0
58120.0
58120.0
56516.5
56516.5
58120.0
55644.0
54040.5
52330.5
52147.5
53751.0
52601.0
52601.0
53320.0
51716.5
53320.0
53320.0
51716.5
51303.5
51303.5
52907.0
53503.0
54452.0
54452.0
56162.0
56162.0
53968.5
51520.5
53025.5
52926.5
52926.5
52926.5
53339.5
52620.5
52620.5
52579.5
54872.0
53268.5
54872.0
53268.5
52678.5
54872.0
54872.0
54519.0
54519.0
55115.0
54519.0
56995.0
55815.0
54105.0
58735.0
59885.0
59885.0
60828.0
60828.0
58528.0
59124.0
59124.0
57025.0
57025.0
57025.0
55663.0
55663.0
55763.5
55663.0
55316.0
56265.0
55775.5
57213.5
50873.5
53067.0
53067.0
53067.0
52513.0
52513.0
53067.0
54807.0
53067.0
53627.0
55756.0
55756.0
55196.0
56936.0
55332.5
56936.0
55332.5
56936.0
55332.5
54643.5
56943.5
57042.5
57532.0
55980.0
55980.0
55980.0
60610.0
61719.0
61719.0
61719.0
64195.0
62899.0
61719.0
61719.0
62704.0
61761.0
61036.0
61036.0
61036.0
61036.0
59886.0
59886.0
59297.5
56997.5
59297.5
59396.5
59886.0
58706.0
58700.0
59880.0
59880.0
57828.0
57828.0
57828.0
57928.5
57928.5
57239.5
57338.5
56158.5
56754.5
57244.0
56754.5
57244.0
54914.0
54424.5
52714.5
56754.5
56754.5
56655.5
56655.5
57244.0
57244.0
56655.5
57244.0
56655.5
56655.5
58778.5
54738.5
54837.5
58877.5
58877.5
59367.0
61496.0
61496.0
59020.0
60936.0
60936.0
60936.0
60936.0
60936.0
59573.0
59160.0
58412.0
57232.0
57232.0
56819.0
56819.0
57125.0
56955.0
56465.5
56955.0
56955.0
56012.0
56012.0
56012.0
55522.5
55522.5
51482.5
55522.5
51482.5
49772.5
47720.5
47720.5
47720.5
47720.5
47621.5
51661.5
47621.5
48570.5
52610.5
53790.5
54379.0
56568.0
56568.0
56921.0
57634.0
57634.0
56921.0
58071.0
58071.0
60541.0
58046.0
58046.0
57627.0
56477.0
60122.0
58942.0
58942.0
58589.0
53959.0
51842.0
51470.0
56075.0
56075.0
53739.0
54299.0
51823.0
51263.0
51823.0
51823.0
51823.0
49694.0
49134.0
49694.0
49134.0
51523.0
50874.0
49270.5
50874.0
49694.0
49134.0
48580.0
52785.0
52785.0
53339.0
52390.0
51836.0
51836.0
51836.0
52390.0
54779.0
55959.0
54130.0
56253.0
55693.0
55139.0
55139.0
54944.0
54944.0
55893.0
55546.0
56726.0
57073.0
57627.0
55498.0
54944.0
52815.0
52815.0
51749.0
51749.0
51749.0
51749.0
51749.0
50569.0
50569.0
50569.0
50569.0
50569.0
50569.0
51749.0
51749.0
50569.0
51749.0
52303.0
54043.0
52863.0
52303.0
52303.0
52303.0
54692.0
52863.0
52303.0
51749.0
50569.0
51749.0
52303.0
52863.0
54013.0
52303.0
56343.0
56343.0
52303.0
56343.0
56343.0
58472.0
54432.0
54432.0
58472.0
59197.0
59197.0
55157.0
55157.0
59197.0
55157.0
55157.0
55876.0
59916.0
55876.0
57616.0
57244.0
57244.0
59544.0
55504.0
59544.0
61626.0
57586.0
57586.0
57586.0
55397.0
53268.0
53268.0
57308.0
52678.0
53621.0
53621.0
49581.0
50678.0
50719.0
54759.0
54718.0
50678.0
50678.0
54718.0
55090.0
51050.0
55090.0
51050.0
50530.0
50530.0
50530.0
54570.0
50530.0
50571.0
52311.0
50996.0
53296.0
50684.0
46644.0
48974.0
48974.0
48627.0
52667.0
55593.0
53817.0
49777.0
53817.0
49777.0
53817.0
49777.0
51517.0
53817.0
53817.0
52166.0
51753.0
51753.0
51753.0
51712.0
53488.0
55953.0
57604.0
57604.0
57604.0
58784.0
54744.0
54744.0
56484.0
56178.0
54438.0
53495.0
55884.0
55884.0
57535.0
57535.0
55884.0
55235.0
53459.0
54108.0
55759.0
54609.0
50569.0
50569.0
52309.0
50569.0
49844.0
48664.0
50404.0
51053.0
48664.0
50404.0
52704.0
48664.0
48664.0
48664.0
48664.0
48664.0
48664.0
49383.0
49383.0
51713.0
52126.0
56166.0
56166.0
56775.0
52735.0
52363.0
54103.0
56403.0
54103.0
52363.0
52363.0
58143.0
61038.0
60619.0
59900.0
55270.0
57659.0
55270.0
57010.0
55270.0
55270.0
57010.0
54680.0
54680.0
56980.0
57705.0
53665.0
57705.0
53665.0
57705.0
53665.0
55405.0
54225.0
54225.0
56525.0
56525.0
56525.0
52485.0
52485.0
50362.0
52102.0
52102.0
54402.0
50362.0
52751.0
53931.0
53694.0
53694.0
53694.0
53694.0
55345.0
51305.0
51264.0
53004.0
55304.0
51264.0
55304.0
51264.0
55304.0
51264.0
49907.0
49907.0
52296.0
54744.0
55050.0
52574.0
50185.0
50185.0
50185.0
50185.0
50185.0
52574.0
51925.0
54225.0
50185.0
50226.0
50226.0
50226.0
51966.0
51966.0
51613.0
51613.0
51200.0
53500.0
55623.0
51583.0
55623.0
51583.0
51583.0
50433.0
49253.0
50403.0
54443.0
50403.0
50403.0
50403.0
52763.0
52763.0
51583.0
55623.0
55623.0
51583.0
53700.0
57740.0
58093.0
54053.0
58093.0
54053.0
54819.0
57208.0
57208.0
58859.0
54819.0
58859.0
59231.0
55191.0
57580.0
59231.0
60381.0
56341.0
56341.0
60381.0
62504.0
58464.0
58464.0
57107.0
57107.0
58847.0
57107.0
56760.0
58500.0
58853.0
58853.0
56730.0
56730.0
56730.0
54654.0
54654.0
55834.0
54390.0
56690.0
58618.0
54578.0
58618.0
58618.0
54578.0
54925.0
54578.0
58618.0
54578.0
52650.0
56690.0
52650.0
56690.0
57870.0
53830.0
52881.0
56921.0
52881.0
56921.0
59416.0
55376.0
55723.0
55723.0
59763.0
55723.0
59203.0
58053.0
57592.0
56873.0
60913.0
56873.0
60913.0
56873.0
56832.0
56832.0
60872.0
56832.0
55128.0
55128.0
55128.0
54945.0
55664.0
59704.0
55664.0
59704.0
60117.0
62458.0
62458.0
58418.0
62458.0
58418.0
62458.0
58418.0
62458.0
58418.0
58418.0
58765.0
62805.0
61625.0
58765.0
58765.0
62805.0
58765.0
62805.0
63784.0
64733.0
64733.0
60693.0
59714.0
58534.0
60274.0
61259.0
61259.0
60540.0
61690.0
63990.0
59950.0
61690.0
62339.0
62339.0
63990.0
63265.0
59225.0
59225.0
63265.0
57844.0
58434.0
56706.0
56116.0
56706.0
56293.0
55143.0
55143.0
55969.0
55379.0
55685.0
54742.0
55691.0
54511.0
54864.0
54864.0
54864.0
54864.0
54864.0
52735.0
52735.0
52735.0
51337.0
53113.0
52128.0
55024.0
55024.0
55024.0
55024.0
55024.0
55024.0
57500.0
56320.0
56320.0
55601.0
54652.0
54652.0
54652.0
54305.0
55485.0
55138.0
55886.0
54706.0
52795.0
52795.0
52448.0
56653.0
53208.0
52223.0
51810.0
53586.0
57025.0
57025.0
57025.0
57025.0
57438.0
57438.0
57438.0
56612.0
55864.0
52425.0
52425.0
53605.0
53258.0
53258.0
53258.0
53258.0
53258.0
53258.0
51482.0
52778.0
52778.0
51829.0
51829.0
52778.0
52772.0
52524.0
54854.0
54854.0
53674.0
52494.0
52494.0
52494.0
52841.0
52494.0
52494.0
52494.0
53219.0
53938.0
54351.0
53938.0
53938.0
53938.0
53213.0
52033.0
52033.0
52033.0
51727.0
51727.0
51686.0
51686.0
52405.0
52405.0
52405.0
51686.0
53390.0
52094.0
52094.0
54223.0
54217.0
53315.0
53315.0
53315.0
51539.0
51539.0
53249.0
52300.0
50596.0
51892.0
51892.0
51586.0
51586.0
49876.0
49876.0
49876.0
52005.0
52005.0
56428.0
56428.0
52005.0
52005.0
51658.0
52560.0
52560.0
51611.0
51611.0
53941.0
56070.0
56070.0
53941.0
51611.0
51611.0
54106.0
54106.0
54106.0
54106.0
53510.0
53510.0
52195.0
52785.0
54447.0
53462.0
52513.0
52866.0
52276.0
51096.0
51096.0
51096.0
51096.0
51096.0
51096.0
51096.0
51686.0
52405.0
51815.0
53213.0
51815.0
51815.0
52405.0
54145.0
54145.0
51815.0
53719.0
54309.0
53719.0
53719.0
53372.0
54770.0
54004.0
53279.0
53279.0
53279.0
52932.0
52932.0
54878.0
54506.0
55096.0
54506.0
53108.0
52761.0
53704.0
53704.0
53663.0
52131.0
53116.0
53116.0
57387.0
61962.0
60782.0
60782.0
59632.0
59985.0
59619.0
58634.0
59814.0
59631.0
57921.0
56741.0
54618.0
54648.0
56978.0
54849.0
54849.0
56931.0
59060.0
58530.0
56401.0
56401.0
56401.0
56401.0
55221.0
57350.0
57350.0
56054.0
55221.0
54496.0
54496.0
55676.0
55676.0
57976.0
57976.0
57604.0
57604.0
56885.0
56885.0
55522.0
54579.0
54160.0
53953.0
53953.0
51653.0
51653.0
49524.0
50114.0
52243.0
52243.0
51653.0
50587.0
52485.0
51925.0
53323.0
53883.0
53323.0
53323.0
51919.0
52479.0
52479.0
52126.0
51566.0
52126.0
51566.0
52126.0
51566.0
53896.0
53896.0
52746.0
55135.0
53306.0
52746.0
52746.0
53731.0
55860.0
56420.0
55860.0
58249.0
57600.0
56420.0
55435.0
53312.0
52752.0
53312.0
52752.0
53312.0
52752.0
52752.0
53312.0
52752.0
57382.0
60054.0
56326.0
56886.0
55943.0
55943.0
54586.0
54026.0
54586.0
56362.0
56715.0
54817.0
54817.0
54817.0
54787.0
54787.0
57087.0
56668.0
55305.0
55895.0
55889.0
56449.0
56862.0
57628.0
57068.0
56343.0
54043.0
54043.0
54043.0
54043.0
54043.0
56166.0
55223.0
55783.0
55783.0
54956.0
54396.0
56136.0
56136.0
54956.0
53776.0
53429.0
