probIgnore01b = [64222.0
60450.0
57378.0
53214.0
52064.0
52064.0
51711.0
54990.0
51711.0
51711.0
51298.0
51298.0
51298.0
52594.0
52594.0
52594.0
55029.0
58644.0
55016.0
55722.0
54012.0
52126.0
49697.0
49691.0
52021.0
52021.0
52970.0
51230.0
50640.0
50640.0
56615.0
58945.0
58945.0
57996.0
57996.0
57271.0
52641.0
56893.0
57842.0
58791.0
59971.0
62419.0
58726.0
58379.0
58001.0
58001.0
58001.0
60361.0
58232.0
54604.0
53655.0
51160.0
53223.0
53223.0
53223.0
57263.0
57263.0
57263.0
56113.0
58012.0
53972.0
53972.0
53972.0
51524.0
51524.0
51524.0
51524.0
47454.0
49577.0
49636.0
49577.0
49955.0
52845.0
49955.0
47832.0
47242.0
47242.0
48191.0
47011.0
50491.0
47011.0
50491.0
47601.0
47229.0
50119.0
51865.0
53045.0
54225.0
54644.0
56555.0
54644.0
51754.0
54644.0
57746.0
54266.0
54644.0
51754.0
54644.0
56701.0
53221.0
53870.0
51510.0
50330.0
53161.0
54104.0
51214.0
50265.0
49675.0
53155.0
54931.0
56111.0
52631.0
53280.0
57320.0
56140.0
58588.0
56140.0
56140.0
58971.0
55491.0
53715.0
54305.0
52529.0
52588.0
55419.0
54653.0
54306.0
54653.0
55833.0
56246.0
52766.0
50290.0
51015.0
51664.0
50897.0
53728.0
50838.0
53168.0
52578.0
56849.0
57439.0
60388.0
59792.0
57969.5
55616.5
58424.0
56684.0
56684.0
57834.0
56124.0
58572.0
56124.0
54938.0
54348.0
52572.0
52225.0
51323.0
51913.0
56543.0
56190.0
51560.0
53270.0
52204.0
51851.0
53908.0
52728.0
52132.0
52132.0
51713.0
53489.0
54669.0
52893.0
51908.0
51967.0
51318.0
50946.0
49236.0
49236.0
49053.0
49819.0
48639.0
48639.0
48639.0
47489.0
46723.0
46723.0
46723.0
52478.0
50939.0
49759.0
49169.0
49169.0
48019.0
47672.0
46522.0
46522.0
45372.0
45372.0
45372.0
45372.0
47454.0
45921.0
45331.0
44181.0
49105.0
48033.0
46853.0
49183.0
54173.0
54173.0
54173.0
51843.0
51247.0
52399.0
50554.0
53097.0
51917.0
52264.0
52264.0
50866.0
48323.0
45875.0
47025.0
47397.0
47025.0
46678.0
46678.0
46678.0
45321.0
44554.0
48034.0
49962.0
51672.0
52657.0
51891.0
51891.0
50115.0
47815.0
50741.0
50741.0
49074.0
49664.0
50814.0
49662.0
49721.0
48571.0
49942.0
48512.0
47793.0
47793.0
47793.0
48512.0
51560.0
50970.0
52990.0
52990.0
52990.0
52990.0
49758.0
47738.0
49758.0
48328.0
47732.0
49162.0
47192.0
47605.0
46175.0
46175.0
46234.0
47605.0
47605.0
47605.0
46175.0
47605.0
46425.0
44405.0
46425.0
48201.0
53097.0
56577.0
56577.0
55147.0
52699.0
52758.0
54129.0
54543.0
53113.0
53172.0
53172.0
53113.0
54543.0
52095.0
52095.0
51650.0
51650.0
53013.0
53013.0
51833.0
50683.0
48353.0
48798.0
49700.0
48404.0
47369.0
47959.0
49322.0
49767.0
48818.0
49998.0
48963.0
48963.0
49612.0
49612.0
47836.0
47836.0
46656.0
47042.0
48222.0
47777.0
48957.0
48367.0
49402.0
50800.0
49042.0
47679.0
47234.0
45901.0
45960.0
45960.0
44780.0
44131.0
45166.0
44441.0
43017.0
44447.0
42427.0
42427.0
43017.0
44447.0
43017.0
47647.0
47647.0
46467.0
46662.0
46072.0
48092.0
50540.0
49110.0
48697.0
50127.0
50127.0
51423.0
49993.0
51423.0
49993.0
51173.0
51173.0
50023.0
51453.0
50023.0
49304.0
47528.0
49976.0
51406.0
49976.0
49976.0
47528.0
48958.0
47528.0
46348.0
47778.0
46348.0
45052.0
47528.0
47587.0
47587.0
47528.0
45052.0
44699.0
44758.0
44758.0
46129.0
46135.0
47285.0
48234.0
48234.0
46804.0
46804.0
48234.0
48234.0
48234.0
48830.0
47400.0
48830.0
47400.0
47459.0
47400.0
46810.0
46810.0
47459.0
46810.0
46091.0
46085.0
48105.0
46675.0
48105.0
48105.0
48105.0
48105.0
46675.0
45956.0
47386.0
45956.0
45366.0
46085.0
46085.0
44687.0
44687.0
44668.0
46688.0
45258.0
46688.0
45258.0
46688.0
46688.0
45258.0
45258.0
46688.0
45258.0
44309.0
45739.0
43719.0
44368.0
45739.0
44309.0
46757.0
48187.0
46757.0
46167.0
46167.0
48187.0
46757.0
48187.0
50517.0
48069.0
50198.0
53678.0
52248.0
51658.0
52307.0
53678.0
51348.0
56272.0
54143.0
54143.0
51695.0
50265.0
50265.0
51695.0
49365.0
49365.0
49365.0
49784.0
47764.0
49784.0
48354.0
49784.0
52503.0
51073.0
52503.0
51554.0
54008.0
52578.0
52578.0
52159.0
53589.0
51460.0
54739.0
53309.0
53368.0
54739.0
56401.0
58877.0
58877.0
57479.0
58245.0
57095.0
61725.0
61372.0
58896.0
57953.0
53323.0
53323.0
53323.0
50900.0
48777.0
48736.0
47834.0
49202.0
49732.0
48783.0
48783.0
48783.0
48430.0
46532.0
46532.0
46532.0
47481.0
47298.0
46573.0
45624.0
46043.0
45624.0
46043.0
46043.0
45671.0
42043.0
43223.0
43223.0
43223.0
42043.0
42037.0
41624.0
41624.0
42804.0
41624.0
41996.0
43394.0
43394.0
42898.0
42898.0
42526.0
41449.0
42879.0
41449.0
42879.0
44777.0
42757.0
41607.0
41607.0
42197.0
42197.0
41607.0
41607.0
41607.0
41607.0
42256.0
41607.0
43627.0
41607.0
41607.0
42964.0
43613.0
43613.0
41531.0
40351.0
39603.0
38954.0
38954.0
38954.0
39603.0
38954.0
38954.0
40134.0
42154.0
40724.0
40134.0
40134.0
40134.0
40134.0
40134.0
40134.0
41083.0
41083.0
41083.0
43103.0
44046.0
42616.0
41714.0
41714.0
41714.0
41714.0
43144.0
41714.0
41714.0
42067.0
42067.0
42067.0
39938.0
43705.0
42986.0
41016.0
41016.0
42446.0
42446.0
42446.0
41016.0
41016.0
41016.0
40663.0
42093.0
41740.0
42153.0
41204.0
40851.0
39701.0
39288.0
40468.0
40468.0
40468.0
39111.0
39111.0
37931.0
42561.0
41576.0
43373.0
42954.0
42954.0
42607.0
42301.0
43286.0
43327.0
43686.0
44758.0
42629.0
42588.0
42282.0
41929.0
42342.0
42342.0
42342.0
44790.0
43718.0
46200.0
45481.0
45481.0
45828.0
45828.0
45828.0
46576.0
44094.0
42196.0
42196.0
39748.0
42194.0
43143.0
42158.0
39828.0
39658.0
38709.0
37807.0
37807.0
37807.0
37807.0
37807.0
38460.0
37877.0
37877.0
37877.0
40372.0
42501.0
45579.0
45579.0
42501.0
42501.0
43220.0
41444.0
42210.0
40678.0
39959.0
39612.0
40792.0
45422.0
45422.0
47551.0
48853.0
48853.0
50032.0
52480.0
53465.0
53465.0
50387.0
47939.0
46783.0
46783.0
46783.0
43303.0
41174.0
44996.0
41174.0
40024.0
43072.0
40024.0
39305.0
38958.0
38545.0
37365.0
37365.0
37718.0
37194.0
37194.0
36209.0
36209.0
35856.0
35484.0
37932.0
36752.0
37124.0
40756.0
40450.0
40450.0
37974.0
38699.0
38699.0
37974.0
38321.0
38321.0
38321.0
39441.0
39441.0
39788.0
39788.0
44596.0
43300.0
45600.0
45600.0
45594.0
43294.0
43294.0
43288.0
48230.0
48230.0
48230.0
46454.0
44006.0
43482.0
43081.0
42315.0
41968.0
40983.0
44609.0
45328.0
48406.0
48406.0
46076.0
40321.0
46076.0
46076.0
45657.0
45657.0
42579.0
39306.0
39306.0
39306.0
39306.0
38953.0
40923.0
40923.0
39743.0
41641.0
41641.0
41641.0
42821.0
42827.0
42827.0
42455.0
42568.0
44697.0
42799.0
41814.0
42964.0
41784.0
47759.0
47759.0
47759.0
46816.0
48455.5
47765.0
45642.0
45529.0
45529.0
45523.0
45257.5
46496.5
47244.5
47244.5
46624.0
48747.0
47097.0
45947.0
43824.0
42839.0
41890.0
41584.0
42734.0
42734.0
47542.0
47914.0
46734.0
46728.0
46728.0
46728.0
46315.0
46315.0
46315.0
55575.0
53080.0
49452.0
44822.0
44409.0
41177.0
39997.0
39997.0
39625.0
38640.0
40970.0
40970.0
40623.0
40623.0
40623.0
39443.0
39443.0
39443.0
41371.0
43453.0
44219.0
43453.0
43866.0
46166.0
44084.0
45380.0
43050.0
41900.0
41152.0
44395.0
43099.0
43099.0
43099.0
43099.0
43099.0
42351.0
41979.0
44427.0
45412.0
44999.0
42504.0
42504.0
42504.0
42504.0
44627.0
44627.0
44627.0
44627.0
45923.0
47691.5
47691.5
47691.5
46276.0
43828.0
46304.0
46304.0
46304.0
46304.0
46304.0
48232.0
48645.0
48645.0
48645.0
48645.0
46717.0
46717.0
47465.0
50945.0
50598.0
50598.0
49418.0
48122.0
44642.0
44642.0
45591.0
44295.0
46377.0
45197.0
44844.0
44844.0
44844.0
43859.0
44844.0
43913.0
43566.0
46014.0
46014.0
46014.0
47194.0
47194.0
48490.0
48490.0
48449.0
48030.0
50159.0
51309.0
51309.0
50159.0
48449.0
48036.0
48036.0
54913.0
53763.0
55473.0
56871.0
58228.0
60704.0
60357.0
52082.0
52082.0
50719.0
49817.0
44893.0
44893.0
43908.0
43908.0
42959.0
40511.0
40511.0
40511.0
45141.0
47471.0
47471.0
47471.0
47471.0
47471.0
47010.0
46285.0
46285.0
45938.0
45938.0
45938.0
45938.0
47088.0
45938.0
45938.0
45938.0
47683.0
46503.0
45518.0
43773.0
42593.0
38948.0
37798.0
41030.0
41030.0
42180.0
39715.0
41483.5
41483.5
42073.5
41701.5
40551.5
39724.5
40071.5
39086.5
41136.5
43235.5
41230.0
41230.0
41649.0
41230.0
41289.0
41675.0
41230.0
40080.0
37981.0
38778.0
38778.0
37628.0
38073.0
38073.0
39253.0
38808.0
38218.0
38808.0
39253.0
38073.0
40373.0
43451.0
43006.0
39928.0
39928.0
39987.0
39928.0
39928.0
38778.0
38431.0
38876.0
38431.0
38431.0
38431.0
